   1  -1.50000000  -0.50000000   0.00000000  -9.74922843   0.1756  -0.1467   0.0000   0.4657 
   1  -1.50000000   0.00000000   0.00000000  -7.28122967   0.0001  -0.1337  -0.0000   0.3766 
   1  -1.50000000   0.50000000   0.00000000  -9.74922408  -0.1756  -0.1467   0.0000   0.4657 

   1  -1.00000000  -0.50000000   0.00000000  -8.05467811  -0.1058   0.2047   0.0000   0.3538 
   1  -1.00000000   0.00000000   0.00000000  -8.83334089   0.0000   0.2657   0.0000   0.4320 
   1  -1.00000000   0.50000000   0.00000000  -8.05469139   0.1058   0.2047  -0.0000   0.3538 

   1  -0.50000000  -0.50000000   0.00000000 -10.77706283  -0.1308   0.1275   0.0000   0.4793 
   1  -0.50000000   0.00000000   0.00000000 -11.78494549   0.0000   0.1310  -0.0000   0.4091 
   1  -0.50000000   0.50000000   0.00000000 -10.77704652   0.1308   0.1276   0.0000   0.4793 


   2  -1.50000000  -0.50000000   0.00000000  -9.72158888   0.1699  -0.1408  -0.0000   0.4708 
   2  -1.50000000   0.00000000   0.00000000  -7.25791852  -0.0000  -0.1352   0.0000   0.3823 
   2  -1.50000000   0.50000000   0.00000000  -9.72159342  -0.1699  -0.1408   0.0000   0.4708 

   2  -1.00000000  -0.50000000   0.00000000  -8.02149577  -0.0890   0.1840  -0.0000   0.3262 
   2  -1.00000000   0.00000000   0.00000000  -8.79449219   0.0000   0.2577  -0.0000   0.4353 
   2  -1.00000000   0.50000000   0.00000000  -8.02149403   0.0891   0.1839  -0.0000   0.3262 

   2  -0.50000000  -0.50000000   0.00000000 -10.75466407  -0.1276   0.1244  -0.0000   0.4797 
   2  -0.50000000   0.00000000   0.00000000 -11.77243916  -0.0000   0.1277   0.0000   0.3929 
   2  -0.50000000   0.50000000   0.00000000 -10.75466074   0.1276   0.1245  -0.0000   0.4798 


   3  -1.50000000  -0.50000000   0.00000000  -5.55791205  -0.4927   0.4824   0.0000   0.9996 
   3  -1.50000000   0.00000000   0.00000000  -4.82928296  -0.0004   0.0166   0.0005   0.9986 
   3  -1.50000000   0.50000000   0.00000000  -5.55790825   0.4929   0.4823  -0.0000   0.9996 

   3  -1.00000000  -0.50000000   0.00000000  -6.22813282   0.3042  -0.4503   0.0000   0.9819 
   3  -1.00000000   0.00000000   0.00000000  -5.23536756   0.0001  -0.8891   0.0000   0.9988 
   3  -1.00000000   0.50000000   0.00000000  -6.22813850  -0.3041  -0.4503   0.0000   0.9819 

   3  -0.50000000  -0.50000000   0.00000000  -6.05807483   0.2935  -0.3290   0.0000   0.9995 
   3  -0.50000000   0.00000000   0.00000000  -6.70945605   0.0004  -0.2082   0.0000   0.9954 
   3  -0.50000000   0.50000000   0.00000000  -6.05807131  -0.2931  -0.3290   0.0000   0.9995 


   4  -1.50000000  -0.50000000   0.00000000  -5.41735441  -0.5407   0.4998  -0.0000   0.9992 
   4  -1.50000000   0.00000000   0.00000000  -4.81383692   0.0004  -0.0028  -0.0005   0.9982 
   4  -1.50000000   0.50000000   0.00000000  -5.41733479   0.5408   0.4997  -0.0000   0.9992 

   4  -1.00000000  -0.50000000   0.00000000  -6.13050177   0.2345  -0.3457  -0.0000   0.9670 
   4  -1.00000000   0.00000000   0.00000000  -5.05560363   0.0000  -0.9169   0.0000   0.9987 
   4  -1.00000000   0.50000000   0.00000000  -6.13044769  -0.2345  -0.3457   0.0000   0.9670 

   4  -0.50000000  -0.50000000   0.00000000  -5.96773741   0.3716  -0.3892  -0.0000   0.9999 
   4  -0.50000000   0.00000000   0.00000000  -6.65540664   0.0000  -0.4159   0.0000   0.9999 
   4  -0.50000000   0.50000000   0.00000000  -5.96773263  -0.3714  -0.3893   0.0000   0.9999 


   5  -1.50000000  -0.50000000   0.00000000  -1.85380767   0.2058  -0.4667   0.0000   0.7863 
   5  -1.50000000   0.00000000   0.00000000  -3.58392939   0.0000   0.8637  -0.0000   0.9301 
   5  -1.50000000   0.50000000   0.00000000  -1.85387966  -0.2059  -0.4667   0.0000   0.7863 

   5  -1.00000000  -0.50000000   0.00000000  -3.97527031  -0.1756   0.1136   0.0000   0.8690 
   5  -1.00000000   0.00000000   0.00000000  -2.16383594  -0.0000   0.6299   0.0000   0.7876 
   5  -1.00000000   0.50000000   0.00000000  -3.97528035   0.1757   0.1136  -0.0000   0.8690 

   5  -0.50000000  -0.50000000   0.00000000  -0.59960491  -0.1553   0.3279  -0.0000   0.7649 
   5  -0.50000000   0.00000000   0.00000000   2.08161439   0.0001   0.2739   0.0000   0.8172 
   5  -0.50000000   0.50000000   0.00000000  -0.59973997   0.1553   0.3279   0.0000   0.7649 


   6  -1.50000000  -0.50000000   0.00000000  -1.41589038   0.1628  -0.4404   0.0000   0.7907 
   6  -1.50000000   0.00000000   0.00000000  -3.41820218  -0.0000   0.8721   0.0000   0.9274 
   6  -1.50000000   0.50000000   0.00000000  -1.41579154  -0.1628  -0.4403  -0.0001   0.7907 

   6  -1.00000000  -0.50000000   0.00000000  -3.91804141  -0.2633   0.2304  -0.0000   0.8705 
   6  -1.00000000   0.00000000   0.00000000  -1.75268227  -0.0003   0.6304   0.0001   0.7775 
   6  -1.00000000   0.50000000   0.00000000  -3.91806178   0.2635   0.2302  -0.0000   0.8705 

   6  -0.50000000  -0.50000000   0.00000000   0.02893365  -0.0991   0.2402  -0.0000   0.7704 
   6  -0.50000000   0.00000000   0.00000000   3.38547491   0.0000   0.0418   0.0000   0.8334 
   6  -0.50000000   0.50000000   0.00000000   0.02980363   0.0989   0.2399   0.0001   0.7704 


   7  -1.50000000  -0.50000000   0.00000000   0.81604456   0.2018   0.1419   0.0000   0.9759 
   7  -1.50000000   0.00000000   0.00000000  -2.43528928  -0.0000  -0.7355   0.0000   0.8963 
   7  -1.50000000   0.50000000   0.00000000   0.81598949  -0.2018   0.1419   0.0000   0.9759 

   7  -1.00000000  -0.50000000   0.00000000   3.10934567   0.1281   0.0856   0.0000   0.9989 
   7  -1.00000000   0.00000000   0.00000000  -1.15754194  -0.0008   0.0011  -0.0002   0.9989 
   7  -1.00000000   0.50000000   0.00000000   3.10925573  -0.1281   0.0856  -0.0000   0.9989 

   7  -0.50000000  -0.50000000   0.00000000   2.99555487  -0.1567  -0.1044   0.0000   0.9843 
   7  -0.50000000   0.00000000   0.00000000   3.91445544  -0.0005   0.0386   0.0005   0.9794 
   7  -0.50000000   0.50000000   0.00000000   2.99773333   0.1564  -0.1041  -0.0000   0.9842 


   8  -1.50000000  -0.50000000   0.00000000   1.18506916   0.1175   0.0704  -0.0001   0.9594 
   8  -1.50000000   0.00000000   0.00000000  -2.21647910   0.0000  -0.7451   0.0000   0.8894 
   8  -1.50000000   0.50000000   0.00000000   1.18436729  -0.1178   0.0706   0.0001   0.9595 

   8  -1.00000000  -0.50000000   0.00000000   3.27202757  -0.0331  -0.0223  -0.0000   0.9972 
   8  -1.00000000   0.00000000   0.00000000  -1.12904070   0.0010   0.0213   0.0000   0.9924 
   8  -1.00000000   0.50000000   0.00000000   3.27196106   0.0327  -0.0221  -0.0000   0.9972 

   8  -0.50000000  -0.50000000   0.00000000   3.43256286   0.0044   0.0025   0.0000   0.9717 
   8  -0.50000000   0.00000000   0.00000000   4.21285871  -0.0000   0.0111  -0.0006   0.9795 
   8  -0.50000000   0.50000000   0.00000000   3.43255104  -0.0045   0.0025  -0.0001   0.9717 


